https://www.tennisexplorer.com/res/img/player/lvq4aPFm-Mew08qp4.jpeg
Alkotop Mousa
Country: Jordan
Age: 26 (25. 6. 1998)
Current/Highest rank - singles: 1173. / 1160.
Current/Highest rank - doubles: 906. / 906.
Sex: man
Plays: right
